[1]
14,253,237,139,184,44,10,136,11,244 OverPoint
217,148,414,255,467,194,268,41,220,152 OverPoint
[2]
205,108,405,253,455,195,256,56,205,112 OverPoint
31,120,214,117,245,33,38,2,37,125 OverPoint
[3]
219,114,416,262,456,202,261,60,220,113 OverPoint
90,86,268,153,308,76,128,0,92,93 OverPoint
[4]
19,255,171,150,134,65,18,155,17,258 OverPoint
135,160,330,181,359,82,136,45,133,161 OverPoint
324,183,418,251,464,197,374,127,321,186 OverPoint
[20]
225,148,399,248,456,187,248,66,223,144 OverPoint
94,187,311,158,297,67,74,86,96,186 OverPoint
[5]
225,148,399,248,456,187,248,66,223,144 OverPoint
94,187,311,158,297,67,74,86,96,186 OverPoint
225,148,399,248,456,187,248,66,223,144 OverPoint
94,187,311,158,297,67,74,86,96,186 OverPoint
[6]
225,148,399,248,456,187,248,66,223,144 OverPoint
94,187,311,158,297,67,74,86,96,186 OverPoint
[7]
225,148,399,248,456,187,248,66,223,144 OverPoint
94,187,311,158,297,67,74,86,96,186 OverPoint
225,148,399,248,456,187,248,66,223,144 OverPoint
94,187,311,158,297,67,74,86,96,186 OverPoint
[8]
225,148,399,248,456,187,248,66,223,144 OverPoint
94,187,311,158,297,67,74,86,96,186 OverPoint
[9]
225,148,399,248,456,187,248,66,223,144 OverPoint
94,187,311,158,297,67,74,86,96,186 OverPoint
[12]
225,148,399,248,456,187,248,66,223,144 OverPoint
94,187,311,158,297,67,74,86,96,186 OverPoint
[22]
225,148,399,248,456,187,248,66,223,144 OverPoint
94,187,311,158,297,67,74,86,96,186 OverPoint
[34]
225,148,399,248,456,187,248,66,223,144 OverPoint
94,187,311,158,297,67,74,86,96,186 OverPoint
[32]
225,148,399,248,456,187,248,66,223,144 OverPoint
94,187,311,158,297,67,74,86,96,186 OverPoint
[36]
28,132,251,147,276,1,38,1,33,134 OverPoint
[24]

19,255,171,150,134,65,18,155,17,258 OverPoint
135,160,330,181,359,82,136,45,133,161 OverPoint
324,183,418,251,464,197,374,127,321,186 OverPoint
118,185,331,182,341,50,118,49,125,183 OverPoint
237,151,402,249,461,183,297,80,241,153 OverPoint
193,154,391,245,449,162,244,40,190,153 OverPoint
